   4    15    1
fgjkjkahoih lkjajdic adlkcjlsdjcl 
     8    12    1
     7    13    1
     4    16    1
     8    13    1
     4    17    1
     4    18    1
     4    19    1
    13    14    1
    11    16    1
    13    15    1
    12    16    1
    11    17    1
    10    18    1
     8    20    1
    11    18    1
    10    19    1
     8    21    1
    13    17    1
    12    18    1
    11    19    1
     9    21    1
     8    22    1
    12    19    1
     9    22    1
     9    23    1
    14    20    1
    10    24    1
    14    21    1
    10    25    1
    16    20    1
    15    21    1
    14    22    1
    10    26    1
    15    22    1
    10    27    1
    18    21    1
    16    23    1
    19    21    1
    18    22    1
    13    27    1
    19    22    1
    18    23    1
    15    28    1
    15    29    1
    15    30    1
    15    31    1
    15    32    1
    21    27    1
    15    33    1
    24    28    1